Time (%)  Total Time (ns)  Num Calls    Avg (ns)     Med (ns)    Min (ns)   Max (ns)    StdDev (ns)            Name         
 --------  ---------------  ---------  ------------  -----------  --------  -----------  ------------  ----------------------
     81,0      596 002 905         46  12 956 584,0  4 716 069,0     1 471  298 441 789  44 058 333,0  poll                  
     18,0      132 688 551        508     261 197,0     13 907,0     1 012   16 295 332     918 005,0  ioctl                 
      0,0        2 824 665         29      97 402,0     13 188,0     7 123    2 111 202     388 313,0  mmap64                
      0,0          561 137         10      56 113,0     58 295,0    37 233       63 996       8 169,0  sem_timedwait         
      0,0          338 312         47       7 198,0      5 953,0     3 062       31 058       4 229,0  open64                
      0,0          242 891         36       6 747,0      5 167,0     1 690       24 823       4 958,0  fopen                 
      0,0          222 006         14      15 857,0      7 554,0     2 756      109 834      27 517,0  mmap                  
      0,0          157 939          1     157 939,0    157 939,0   157 939      157 939           0,0  pthread_cond_wait     
      0,0          136 981          3      45 660,0     54 136,0    26 297       56 548      16 812,0  pthread_create        
      0,0           81 647         29       2 815,0      2 334,0     1 434        6 154       1 169,0  fclose                
      0,0           69 558          1      69 558,0     69 558,0    69 558       69 558           0,0  fgets                 
      0,0           43 472          5       8 694,0      7 807,0     2 839       17 994       5 840,0  fread                 
      0,0           30 625         15       2 041,0      1 843,0     1 332        3 417         603,0  read                  
      0,0           29 144          6       4 857,0      5 204,0     2 416        6 775       1 597,0  open                  
      0,0           27 292         20       1 364,0      1 200,0     1 008        3 518         537,0  fcntl                 
      0,0           23 973         12       1 997,0      2 036,0     1 169        2 728         458,0  write                 
      0,0           19 830          3       6 610,0      6 493,0     5 712        7 625         961,0  munmap                
      0,0           14 721          3       4 907,0      5 941,0     2 831        5 949       1 797,0  pipe2                 
      0,0           14 211          2       7 105,0      7 105,0     5 814        8 397       1 826,0  socket                
      0,0            8 992          1       8 992,0      8 992,0     8 992        8 992           0,0  connect               
      0,0            7 161          3       2 387,0      1 614,0     1 486        4 061       1 451,0  pthread_cond_broadcast
      0,0            4 662          2       2 331,0      2 331,0     2 008        2 654         456,0  fwrite                
      0,0            2 251          1       2 251,0      2 251,0     2 251        2 251           0,0  bind                  
      0,0            1 147          1       1 147,0      1 147,0     1 147        1 147           0,0  listen                
      0,0            1 035          1       1 035,0      1 035,0     1 035        1 035           0,0  dup                   

[5/8] Executing 'cuda_api_sum' stats report

 Time (%)  Total Time (ns)  Num Calls    Avg (ns)    Med (ns)   Min (ns)   Max (ns)    StdDev (ns)            Name         
 --------  ---------------  ---------  ------------  ---------  --------  -----------  ------------  ----------------------
     99,0      161 098 808          3  53 699 602,0    4 773,0     2 920  161 091 115  93 003 777,0  cudaMalloc            
      0,0          215 790          1     215 790,0  215 790,0   215 790      215 790           0,0  cudaLaunchKernel      
      0,0           88 140          3      29 380,0    5 821,0     3 445       78 874      42 879,0  cudaFree              
      0,0           55 396          3      18 465,0   23 650,0     4 377       27 369      12 341,0  cudaMemcpy            
      0,0              756          1         756,0      756,0       756          756           0,0  cuModuleGetLoadingMode

[6/8] Executing 'cuda_gpu_kern_sum' stats report

 Time (%)  Total Time (ns)  Instances  Avg (ns)  Med (ns)  Min (ns)  Max (ns)  StdDev (ns)                                    Name                                  
 --------  ---------------  ---------  --------  --------  --------  --------  -----------  ------------------------------------------------------------------------
    100,0            3 424          1   3 424,0   3 424,0     3 424     3 424          0,0  matrixMulKernel(const double *, const double *, double *, int, int, int)

[7/8] Executing 'cuda_gpu_mem_time_sum' stats report

 Time (%)  Total Time (ns)  Count  Avg (ns)  Med (ns)  Min (ns)  Max (ns)  StdDev (ns)           Operation          
 --------  ---------------  -----  --------  --------  --------  --------  -----------  ----------------------------
     58,0            2 016      2   1 008,0   1 008,0       800     1 216        294,0  [CUDA memcpy Host-to-Device]
     41,0            1 408      1   1 408,0   1 408,0     1 408     1 408          0,0  [CUDA memcpy Device-to-Host]

[8/8] Executing 'cuda_gpu_mem_size_sum' stats report

 Total (MB)  Count  Avg (MB)  Med (MB)  Min (MB)  Max (MB)  StdDev (MB)           Operation          
 ----------  -----  --------  --------  --------  --------  -----------  ----------------------------
 0,000           2  0,000     0,000     0,000     0,000     0,000        [CUDA memcpy Host-to-Device]
 0,000           1  0,000     0,000     0,000     0,000     0,000        [CUDA memcpy Device-to-Host]
