 Time (%)  Total Time (ns)  Num Calls   Avg (ns)     Med (ns)    Min (ns)   Max (ns)    StdDev (ns)            Name         
 --------  ---------------  ---------  -----------  -----------  --------  -----------  ------------  ----------------------
     82,0      674 393 734         79  8 536 629,0  2 046 511,0     1 417  339 476 400  38 422 972,0  poll                  
     16,0      132 409 047        517    256 110,0     17 779,0     1 301   18 261 313     965 501,0  ioctl                 
      0,0        3 437 437         29    118 532,0     17 034,0     8 218    2 404 325     442 152,0  mmap64                
      0,0        1 081 808         10    108 180,0     59 013,0    32 343      584 945     168 098,0  sem_timedwait         
      0,0          792 165         16     49 510,0     23 151,0     3 733      383 816      99 670,0  mmap                  
      0,0          456 449         47      9 711,0      8 079,0     3 375       21 633       4 489,0  open64                
      0,0          292 793         36      8 133,0      5 683,0     1 962       41 873       7 495,0  fopen                 
      0,0          142 637          3     47 545,0     53 147,0    31 370       58 120      14 227,0  pthread_create        
      0,0          110 860          1    110 860,0    110 860,0   110 860      110 860           0,0  pthread_cond_wait     
      0,0           89 628         29      3 090,0      2 681,0     1 462        7 476       1 439,0  fclose                
      0,0           88 795          1     88 795,0     88 795,0    88 795       88 795           0,0  fgets                 
      0,0           64 001         47      1 361,0      1 240,0     1 004        4 016         478,0  fcntl                 
      0,0           51 835          5     10 367,0      6 008,0     3 434       26 433       9 615,0  fread                 
      0,0           40 641         12      3 386,0      3 111,0     1 437        9 415       2 023,0  write                 
      0,0           40 129         15      2 675,0      2 611,0     1 277        4 698         873,0  read                  
      0,0           33 490          6      5 581,0      5 780,0     2 926        7 627       1 671,0  open                  
      0,0           27 904          3      9 301,0      8 330,0     5 922       13 652       3 955,0  munmap                
      0,0           20 147          3      6 715,0      7 329,0     3 805        9 013       2 657,0  pipe2                 
      0,0           17 647          2      8 823,0      8 823,0     8 288        9 359         757,0  socket                
      0,0           10 964          1     10 964,0     10 964,0    10 964       10 964           0,0  connect               
      0,0            8 989          8      1 123,0      1 095,0     1 026        1 330         105,0  dup                   
      0,0            8 560          3      2 853,0      2 457,0     1 704        4 399       1 390,0  pthread_cond_broadcast
      0,0            6 171          2      3 085,0      3 085,0     2 402        3 769         966,0  fwrite                
      0,0            2 920          1      2 920,0      2 920,0     2 920        2 920           0,0  bind                  
      0,0            1 261          1      1 261,0      1 261,0     1 261        1 261           0,0  listen                

[5/8] Executing 'cuda_api_sum' stats report

 Time (%)  Total Time (ns)  Num Calls    Avg (ns)    Med (ns)   Min (ns)   Max (ns)     StdDev (ns)            Name         
 --------  ---------------  ---------  ------------  ---------  --------  -----------  -------------  ----------------------
     98,0      175 745 529          3  58 581 843,0    7 621,0     4 671  175 733 237  101 456 083,0  cudaHostAlloc         
      1,0        1 798 825          3     599 608,0  452 560,0    15 366    1 330 899      669 980,0  cudaMemcpy            
      0,0          943 333          1     943 333,0  943 333,0   943 333      943 333            0,0  cudaLaunchKernel      
      0,0          585 867          3     195 289,0   10 792,0     5 750      569 325      323 934,0  cudaFreeHost          
      0,0          113 159          3      37 719,0    9 050,0     3 036      101 073       54 947,0  cudaMalloc            
      0,0          108 249          3      36 083,0    9 966,0     4 056       94 227       50 440,0  cudaFree              
      0,0              885          1         885,0      885,0       885          885            0,0  cuModuleGetLoadingMode

[6/8] Executing 'cuda_gpu_kern_sum' stats report

 Time (%)  Total Time (ns)  Instances  Avg (ns)  Med (ns)  Min (ns)  Max (ns)  StdDev (ns)                                    Name                                  
 --------  ---------------  ---------  --------  --------  --------  --------  -----------  ------------------------------------------------------------------------
    100,0            3 488          1   3 488,0   3 488,0     3 488     3 488          0,0  matrixMulKernel(const double *, const double *, double *, int, int, int)

[7/8] Executing 'cuda_gpu_mem_time_sum' stats report

 Time (%)  Total Time (ns)  Count  Avg (ns)  Med (ns)  Min (ns)  Max (ns)  StdDev (ns)           Operation          
 --------  ---------------  -----  --------  --------  --------  --------  -----------  ----------------------------
     73,0            3 168      2   1 584,0   1 584,0     1 056     2 112        746,0  [CUDA memcpy Host-to-Device]
     26,0            1 152      1   1 152,0   1 152,0     1 152     1 152          0,0  [CUDA memcpy Device-to-Host]

[8/8] Executing 'cuda_gpu_mem_size_sum' stats report

 Total (MB)  Count  Avg (MB)  Med (MB)  Min (MB)  Max (MB)  StdDev (MB)           Operation          
 ----------  -----  --------  --------  --------  --------  -----------  ----------------------------
 0,000           2  0,000     0,000     0,000     0,000     0,000        [CUDA memcpy Host-to-Device]
 0,000           1  0,000     0,000     0,000     0,000     0,000        [CUDA memcpy Device-to-Host]
