 Time (%)  Total Time (ns)  Num Calls    Avg (ns)     Med (ns)    Min (ns)   Max (ns)    StdDev (ns)            Name         
 --------  ---------------  ---------  ------------  -----------  --------  -----------  ------------  ----------------------
     85,0      700 462 278         57  12 288 811,0  3 065 480,0     1 711  359 249 206  47 475 575,0  poll                  
     14,0      116 448 513        527     220 964,0     13 848,0     1 043   16 830 797     891 506,0  ioctl                 
      0,0        2 862 357         29      98 702,0     13 594,0     7 867    2 092 257     384 640,0  mmap64                
      0,0          587 328         10      58 732,0     63 337,0    26 722       85 822      18 353,0  sem_timedwait         
      0,0          351 017         47       7 468,0      6 377,0     4 427       21 748       3 213,0  open64                
      0,0          338 424         17      19 907,0      8 796,0     2 783      115 236      27 383,0  mmap                  
      0,0          277 733         36       7 714,0      5 888,0     1 912       31 011       6 121,0  fopen                 
      0,0          178 407          1     178 407,0    178 407,0   178 407      178 407           0,0  pthread_cond_wait     
      0,0          151 418          3      50 472,0     57 504,0    34 964       58 950      13 450,0  pthread_create        
      0,0           91 691         29       3 161,0      3 004,0     1 371        7 199       1 187,0  fclose                
      0,0           82 985          1      82 985,0     82 985,0    82 985       82 985           0,0  fgets                 
      0,0           50 582          5      10 116,0      6 103,0     5 178       23 429       7 648,0  munmap                
      0,0           42 338          5       8 467,0      5 771,0     3 136       19 014       6 547,0  fread                 
      0,0           38 009          6       6 334,0      6 295,0     3 476        7 961       1 644,0  open                  
      0,0           36 543         26       1 405,0      1 265,0     1 001        3 854         562,0  fcntl                 
      0,0           34 763         15       2 317,0      1 895,0     1 567        4 926       1 045,0  read                  
      0,0           27 619         12       2 301,0      2 229,0     1 414        3 351         589,0  write                 
      0,0           21 507          2      10 753,0     10 753,0     9 357       12 150       1 974,0  socket                
      0,0           16 785          3       5 595,0      6 425,0     3 667        6 693       1 675,0  pipe2                 
      0,0            9 681          1       9 681,0      9 681,0     9 681        9 681           0,0  connect               
      0,0            8 480          3       2 826,0      1 913,0     1 636        4 931       1 827,0  pthread_cond_broadcast
      0,0            5 641          2       2 820,0      2 820,0     2 330        3 311         693,0  fwrite                
      0,0            2 506          1       2 506,0      2 506,0     2 506        2 506           0,0  bind                  
      0,0            1 190          1       1 190,0      1 190,0     1 190        1 190           0,0  listen                
      0,0            1 006          1       1 006,0      1 006,0     1 006        1 006           0,0  dup                   

[5/8] Executing 'cuda_api_sum' stats report

 Time (%)  Total Time (ns)  Num Calls    Avg (ns)     Med (ns)    Min (ns)    Max (ns)    StdDev (ns)            Name         
 --------  ---------------  ---------  ------------  -----------  ---------  -----------  ------------  ----------------------
     98,0      148 928 366          3  49 642 788,0      7 582,0      4 095  148 916 689  85 973 719,0  cudaMallocManaged     
      0,0        1 054 393          1   1 054 393,0  1 054 393,0  1 054 393    1 054 393           0,0  cudaDeviceSynchronize 
      0,0          419 871          1     419 871,0    419 871,0    419 871      419 871           0,0  cudaLaunchKernel      
      0,0          123 750          3      41 250,0     26 569,0     16 656       80 525      34 372,0  cudaFree              
      0,0              802          1         802,0        802,0        802          802           0,0  cuModuleGetLoadingMode

[6/8] Executing 'cuda_gpu_kern_sum' stats report

 Time (%)  Total Time (ns)  Instances  Avg (ns)   Med (ns)   Min (ns)  Max (ns)  StdDev (ns)                                    Name                                  
 --------  ---------------  ---------  ---------  ---------  --------  --------  -----------  ------------------------------------------------------------------------
    100,0          155 936          1  155 936,0  155 936,0   155 936   155 936          0,0  matrixMulKernel(const double *, const double *, double *, int, int, int)

[7/8] Executing 'cuda_gpu_mem_time_sum' stats report

 Time (%)  Total Time (ns)  Count  Avg (ns)  Med (ns)  Min (ns)  Max (ns)  StdDev (ns)               Operation              
 --------  ---------------  -----  --------  --------  --------  --------  -----------  ------------------------------------
     55,0            7 455      2   3 727,0   3 727,0     1 439     6 016      3 236,0  [CUDA memcpy Unified Host-to-Device]
     44,0            6 079      2   3 039,0   3 039,0       991     5 088      2 897,0  [CUDA memcpy Unified Device-to-Host]

[8/8] Executing 'cuda_gpu_mem_size_sum' stats report

 Total (MB)  Count  Avg (MB)  Med (MB)  Min (MB)  Max (MB)  StdDev (MB)               Operation              
 ----------  -----  --------  --------  --------  --------  -----------  ------------------------------------
 0,066           2  0,033     0,033     0,004     0,061     0,041        [CUDA memcpy Unified Device-to-Host]
 0,066           2  0,033     0,033     0,004     0,061     0,041        [CUDA memcpy Unified Host-to-Device]
