 Time (%)  Total Time (ns)  Num Calls    Avg (ns)     Med (ns)    Min (ns)   Max (ns)    StdDev (ns)            Name         
 --------  ---------------  ---------  ------------  -----------  --------  -----------  ------------  ----------------------
     81,0      628 805 990         50  12 576 119,0  5 114 083,0     1 284  288 814 810  41 139 936,0  poll                  
     17,0      137 306 731        512     268 177,0     21 906,0     1 134   24 140 660   1 156 275,0  ioctl                 
      0,0        4 437 999         29     153 034,0     18 984,0     7 340    3 241 332     596 202,0  mmap64                
      0,0          817 831         10      81 783,0     77 939,0    66 127      103 655      14 252,0  sem_timedwait         
      0,0          816 557         16      51 034,0     14 304,0     2 475      469 552     117 167,0  mmap                  
      0,0          498 286         47      10 601,0     10 308,0     2 836       23 258       4 445,0  open64                
      0,0          231 337         36       6 426,0      4 655,0     1 612       31 472       5 854,0  fopen                 
      0,0          183 471          3      61 157,0     59 527,0    37 796       86 148      24 217,0  pthread_create        
      0,0          104 157          1     104 157,0    104 157,0   104 157      104 157           0,0  pthread_cond_wait     
      0,0           93 546         55       1 700,0      1 507,0     1 031        9 023       1 101,0  fcntl                 
      0,0           74 656         29       2 574,0      2 240,0     1 407        8 527       1 389,0  fclose                
      0,0           65 319          1      65 319,0     65 319,0    65 319       65 319           0,0  fgets                 
      0,0           41 558          5       8 311,0      7 224,0     4 115       17 085       5 295,0  fread                 
      0,0           39 498         11       3 590,0      3 668,0     2 397        4 333         581,0  write                 
      0,0           38 309         15       2 553,0      2 496,0     1 066        4 389         726,0  read                  
      0,0           32 771          4       8 192,0      8 351,0     3 800       12 268       3 463,0  munmap                
      0,0           30 905          6       5 150,0      5 199,0     3 641        6 625       1 290,0  open                  
      0,0           25 329          8       3 166,0      1 494,0     1 287       15 206       4 866,0  dup                   
      0,0           16 001          3       5 333,0      5 380,0     2 449        8 172       2 861,0  pipe2                 
      0,0           15 588          2       7 794,0      7 794,0     7 379        8 209         586,0  socket                
      0,0            7 869          1       7 869,0      7 869,0     7 869        7 869           0,0  connect               
      0,0            7 851          3       2 617,0      2 416,0     2 186        3 249         559,0  pthread_cond_broadcast
      0,0            5 445          2       2 722,0      2 722,0     1 892        3 553       1 174,0  fwrite                
      0,0            2 362          1       2 362,0      2 362,0     2 362        2 362           0,0  bind                  
      0,0            1 109          1       1 109,0      1 109,0     1 109        1 109           0,0  listen                

[5/8] Executing 'cuda_api_sum' stats report

 Time (%)  Total Time (ns)  Num Calls    Avg (ns)    Med (ns)   Min (ns)   Max (ns)     StdDev (ns)            Name         
 --------  ---------------  ---------  ------------  ---------  --------  -----------  -------------  ----------------------
     99,0      180 120 014          3  60 040 004,0    9 020,0     5 633  180 105 361  103 979 648,0  cudaHostAlloc         
      0,0          704 846          3     234 948,0   11 217,0     6 572      687 057      391 544,0  cudaFreeHost          
      0,0          314 022          1     314 022,0  314 022,0   314 022      314 022            0,0  cudaLaunchKernel      
      0,0            5 375          1       5 375,0    5 375,0     5 375        5 375            0,0  cudaDeviceSynchronize 
      0,0            1 583          1       1 583,0    1 583,0     1 583        1 583            0,0  cuModuleGetLoadingMode

[6/8] Executing 'cuda_gpu_kern_sum' stats report

 Time (%)  Total Time (ns)  Instances  Avg (ns)  Med (ns)  Min (ns)  Max (ns)  StdDev (ns)                                    Name                                  
 --------  ---------------  ---------  --------  --------  --------  --------  -----------  ------------------------------------------------------------------------
    100,0            5 696          1   5 696,0   5 696,0     5 696     5 696          0,0  matrixMulKernel(const double *, const double *, double *, int, int, int)
